Testing expm1 function:
0
1.71828
-0.632121
6.38906
-0.864665
0.000100005
-9.9995e-05
0.105171
-0.0951626
-0.550671
-0.503415
-0.451188
-0.393469
-0.32968
-0.259182
-0.181269
0.221403
0.349859
0.491825
0.648721
0.822119
1.01375
1.22554
1.4596
22.1407
-0.956786
3.81048
-0.79212
1.19328
-0.544062
19.0855
-0.950213
53.5982
-0.981684
147.413
-0.993262
402.429
-0.997521
1095.63
-0.999088
2979.96
-0.999665
8102.08
-0.999877
22025.5
11.1825
28.9641
199.337
491.749
1210.97
7330.97
18032.7
44354.9
3.67393
-0.786047
16.2188
-0.941924
2645.52
-0.999622
42.4669
-0.976994
2.68812e+43
1.33143e+44
inf
inf
inf
-1
nan
-0
